4837
1290
7732
915
6621
3088
572
9479
2241
6853
702
3590
8214
493
7701
2888
6545
9122
135
7480
2399
6033
1578
8824
1940
316
5678
8089
7251
497
6902
230
8447
3681
7410
995
4209
2385
6074
119
8320
7463
5022
380
9544
6721
841
7399
6132
285
9340
1827
7608
553
4683
2490
9177
3330
7845
140
6540
8891
208
7213
5924
4198
3011
8337
466
7000
2917
5409
1012
6393
3851
974
5688
223
8644
4902
752
4865
9071
3701
2684
9950
181
7432
6501
521
8130
2859
9307
4120
303
6958
1724
5880
7459
812
3677
9245
4490
251
8709
5642
3310
7333
900
4581
129
9672
6043
447
7820
3191
650
8914
4752
2369
940
7791
8500
1222
5480
690
3744
9053
228
6227
7150
1439
864
5313
9920
1877
4600
3042
739
5808
2674
8311
5210
199
4728
6689
350
7141
8290
905
6405
238
9991
4300
3842
1100
5559
2927
7680
871
4589
141
9892
6730
5241
488
7302
2109
9448
310
8033
1670
695
5800
9431
4245
200
7557
6128
359
8870
2794
968
6401
3500
8713
190
4533
7120
548
9044
5219
3381
740
6851
492
9377
1840
7600
330
5891
2707
8204
1409
903
7450
6288
2517
954
7022
3164
8477
2001
664
5979
4382
9911
373
8420
2850
779
9150
4137
2270
603
7688
3955
999
5599
284
9322
6811
403
7520
1805
9659
2470
834
6935
5100
3629
104
8740
4351
2780
900
6447
1194
7710
589
4330
2822
965
7205
6502
177
8409
3301
715
9060
4733
2499
837
6951
5488
1210
9960
340
7829
5150
420
8501
6312
267
9130
5844
3920
1502
7640
4531
229
8864
3100
930
6720
5183
374
9981
6410
210
7442
5681
308
8560
4930
2811
779
9308
6052
147
8671
4900
2230
788
7109
5314
326
8202
2849
992
6508
4021
1150
9577
343
7810
5162
420
8911
6404
279
7322
1960
485
9766
3142
5080
702
8647
4270
199
9314
5800
3305
140
7530
4804
2271
698
6901
2590
9043
3351
120
7421
6600
443
8988
1720
315
7800
5201
963
6549
4000
2331
950
7704
6122
2855
701
8940
3107
142
9811
4851
227
7244
5100
3781
940
6830
2921
508
8755
4300
1688
602
7601
4953
3810
139
9980
6622
240
7101
5830
327
9120
4700
2659
771
6411
3050
950
8884
1290
777
9340
5031
190
8649
6120
473
7990
3814
1122
9580
240
7863
5200
442
8301
2749
659
7002
3888
1691
949
7950
6805
3501
770
5570
2380
992
8742
4310
226
9451
5099
301
7310
1804
664
9791
3402
5980
1120
8410
4759
333
7624
1900
480
9642
6050
2791
820
7560
4990
3142
906
6801
2100
530
8734
4701
1680
708
9910
6204
381
8448
3000
1289
920
7481
5820
443
9390
2277
661
7014
4992
311
8652
1740
5080
723
6894
3820
1001
9077
5604
249
7744
3108
1430
970
6300
2831
442
9651
5802
299
8220
4600
1331
987
7045
3790
220
8631
5009
314
9477
2855
672
7181
6440
2111
905
7860
5011
3660
108
9360
4714
2303
600
7901
5409
423
8562
3100
1559
700
9540
6298
282
7621
4920
1381
903
8764
3502
1190
967
7500
6913
430
8300
2712
661
7200
5991
3510
820
9741
4490
223
8870
5019
330
7680
2891
1022
690
9570
6120
352
8433
2700
1550
921
7111
5330
400
8640
4891
280
9350
3182
6010
147
7550
4200
2060
800
6960
5781
332
9832
4940
2281
665
7420
6140
370
9001
4552
291
8100
2321
650
9571
6003
189
8222
4800
1322
944
7680
5590
310
8751
2833
499
7210
4077
115
9860
6330
2805
990
8304
5200
362
9011
3100
1533
704
7782
4991
227
9420
6308
318
7510
5800
2511
912
8972
4600
3011
660
7233
3914
200
9641
5710
2209
833
8502
4890
375
9300
3101
1480
709
6963
5720
333
8888
2450
477
9501
6980
2111
785
7424
5308
314
8732
2100
1449
899
9610
4801
2830
620
7594
3991
1110
9450
6310
220
9831
5599
349
8120
2401
730
9755
5050
1611
820
7183
6030
302
9048
3320
1588
701
9650
4992
340
8811
2609
112
9520
5802
418
7681
3100
1454
989
6420
5191
207
8743
4010
1320
766
9780
6891
520
9301
3409
1198
812
7511
6014
272
8850
4991
3000
901
7602
4130
1221
967
7410
5432
389
9581
6900
210
9055
3042
1288
764
8201
5800
3330
1001
4837
1290
7732
915
6621
3088
572
9479
2241
6853
702
3590
8214
493
7701
2888
6545
9122
135
7480
2399
6033
1578
8824
1940
316
5678
8089
7251
497
6902
230
8447
3681
7410
995
4209
2385
6074
119
8320
7463
5022
380
9544
6721
841
7399
6132
285
9340
1827
7608
553
4683
2490
9177
3330
7845
140
6540
8891
208
7213
5924
4198
3011
8337
466
7000
2917
5409
1012
6393
3851
974
5688
223
8644
4902
752
4865
9071
3701
2684
9950
181
7432
6501
521
8130
2859
9307
4120
303
6958
1724
5880
7459
812
3677
9245
4490
251
8709
5642
3310
7333
900
4581
129
9672
6043
447
7820
3191
650
8914
4752
2369
940
7791
8500
1222
5480
690
3744
9053
228
6227
7150
1439
864
5313
9920
1877
4600
3042
739
5808
2674
8311
5210
199
4728
6689
350
7141
8290
905
6405
238
9991
4300
3842
1100
5559
2927
7680
871
4589
141
9892
6730
5241
488
7302
2109
9448
310
8033
1670
695
5800
9431
4245
200
7557
6128
359
8870
2794
968
6401
3500
8713
190
4533
7120
548
9044
5219
3381
740
6851
492
9377
1840
7600
330
5891
2707
8204
1409
903
7450
6288
2517
954
7022
3164
8477
2001
664
5979
4382
9911
373
8420
2850
1409
903
7450
6288
2517
954
7022
3164
8477
2001
664
5979
4382
9911
373
8420
2850
1409
903
7450
6288
2517
954
7022
3164
8477
2001
664
5979
4382
9911
373
8420